[0.93030107 0.93218894 0.9331979  0.92752953 0.92814665 0.92596867
 0.93294306 0.92625053 0.9320068  0.926845  ]
[0.94262366 0.9448446  0.94694817 0.94114048 0.94245768 0.93815836
 0.94363902 0.94274271 0.9465435  0.94194726]
[0.98423019 0.98312018 0.98929795 0.98586596 0.98015499 0.98694843
 0.9819906  0.98173211 0.98599144 0.98528367]
[0.98768645 0.98819715 0.98967956 0.98605885 0.98675195 0.98624166
 0.9847706  0.98961826 0.98741008 0.9863084 ]
[0.97940487 0.98277039 0.98221324 0.97800686 0.9785756  0.97918184
 0.98097818 0.98266909 0.97955733 0.97932344]
